1987	0.3068	0.1940	2711	8318	3960	6543	14235	29365	NA	NA
1988	0.3253	0.1774	2602	3864	8554	10954	53087	63500	NA	NA
1989	0.2820	0.2328	1723	3876	2039	4442	7282	16720	NA	NA
1990	0.3070	0.2057	9314	10573	20249	23574	90650	97239	NA	NA
1991	0.2347	0.1984	3903	10191	5048	8196	11271	19276	28322	64000
1992	0.2542	0.2184	11933	16366	17565	21026	85571	90720	84439	89000
1993	0.2368	0.2378	6414	14177	17812	25431	NA	NA	NA	NA
1994	0.2331	0.2050	3795	13602	12425	20150	34674	60062	NA	35000
1995	0.2917	0.1751	5718	14550	9560	14815	42906	54700	NA	NA
1996	0.2756	0.1978	4570	9246	17869	23833	NA	39545	NA	NA
1997	0.2078	0.2624	4323	7235	11450	13256	38536	51176	38498	63000
1998	0.1992	0.2567	5898	7988	17841	23588	80357	101976	NA	57000
1999	0.2304	0.2626	2067	10895	7753	15511	NA	69074	NA	NA
2000	0.2569	0.1999	6298	12010	16957	24882	NA	44973	NA	98484
2001	0.2984	0.2195	5481	11468	17911	28671	69110	120403	90928	137200
2002	0.1833	0.2389	1962	7738	4367	9754	6352	30697	17723	97051			
2003	0.2997	0.2795	625	2379	3848	8101	16575	23962	15732	29430			
2004	0.2989	0.2126	2754	4623	9211	11657	14649	19498	37124	46018			
2005	0.1138	0.0741	102	790	81	372	2063	8002	2405	15603			
2006	0.3271	NA	287	598	NA	NA	15280	21436	16686	30649			
